# Showing off better A* node selection (not getting stuck in cul-de-sac)

############################## SETUP ###################################
#### WEBOTS VEHICLE PROPERTIES
MAX_SLOPE_ANGLE = 0.65      # Maximum permissible slope angle for vehicle in radians
VEHICLE_LENGTH = 2.964      # Vehicle length in meters
VEHICLE_HEIGHT = 1.145      # Vehicle height in meters
RSQ_THRESHOLD = 0.999999    # R-Squared value for determining waypoints (lower val ∝ less waypoints)

#### WEBOTS ELEVATION MAP PARAMS
XDIMENSION = 200    # Max number of nodes in x dir
YDIMENSION = 200    # Max number of nodes in y dir

XSPACING = YSPACING = 1    # The spacing between nodes in x, y dir [meters]
CORNER_SIZE = 2            # Number of corners to ignore for path planning (to not fall off edge of map)

XTRANSLATE = -round(XDIMENSION*XSPACING / 2.)   # Offset for terrain in x dir
YTRANSLATE = -round(YDIMENSION*YSPACING / 2.)   # Offset for terrain in y dir
ZTRANSLATE = 0                                  # Offset for terrain in z dir

USE_WAYPOINTS = False    # Option to use fewer waypoints on route to minimise route complexity (blue dots on plots)

SCALE = 10  # Scale of appearance image over texture (in WeBots simulator)

#### KERNEL DENSITY ESTIMATOR PARAMS
H = 12    # Radius (h) defines how much affect each point has to KDE (higher H is more reach)

# x_pts = [50,50,50,50,50,50,50,50,50,50,50,50,50,50,50,75,75,75,75,80,80,80,80,80,80,80,80,45,45,45,45,45,45,45,45]  # seed x points for elevation locations
# y_pts = [10,10,10,20,20,20,30,30,30,40,40,40,50,50,50,85,75,80,80,80,92,35,35,35,35,35,35,35,35,76,67,67,32,45,67]  # seed y points for elevation locations

x_pts = [50,50,50,50,50,50,50,50,50,50,50,50,50,50,50,75,75,75,75,80,80,80,80,80,80,80,80,45,45,45,45,45,45,45,45]  # seed x points for elevation locations
y_pts = [10,10,10,20,20,20,30,30,30,40,40,40,50,50,50,85,75,80,80,80,92,35,35,35,35,35,35,35,35,76,67,67,32,45,67]  # seed y points for elevation locations

x_pts.extend([125, 125, 125, 125, 125, 125, 125, 125, 125,125, 125, 125, 125, 125, 125, 125, 125, 125, 125, 125,125, 125,\
            125, 125, 125, 125, 125, 125, 125, 125, 125,125, 125, 125, 125, 125, 125, 125, 125, 125, 125, 125,125, 125,
            125, 125, 125, 125, 125, 125, 125, 125, 125,125, 125, 125, 125, 125, 125, 125, 125, 125, 125, 125,125, 125,
            125, 125, 125, 125, 125, 125, 125, 125, 125,125, 125, 125, 125, 125, 125, 125, 125, 125, 125, 125,125, 125,
            105, 105, 105, 105, 105, 115, 115, 115, 115,115, 115]) # seed x points for elevation locations
x_pts.extend([125, 125, 125, 125, 125, 125, 125, 125, 125,125, 125, 125, 125, 125, 125, 125, 125, 125, 125, 125,125, 125,\
            125, 125, 125, 125, 125, 125, 125, 125, 125,125, 125, 125, 125, 125, 125, 125, 125, 125, 125, 125,125, 125,
            125, 125, 125, 125, 125, 125, 125, 125, 125,125, 125, 125, 125, 125, 125, 125, 125, 125, 125, 125,125, 125]) # seed x points for elevation locations
y_pts.extend([115, 115, 115, 115, 115, 115, 130, 130, 130, 130, 130, 130, 145, 145, 145, 145, 145, 145, 155, 155, 155, 155,\
            165, 165, 165, 165, 165, 190, 190, 190, 190, 190, 190, 190, 190, 190, 200, 200, 200, 200, 200, 200, 200, 200,
            15, 15, 15, 15, 15, 15, 30, 30, 30, 30, 30, 30, 45, 45, 45, 45, 45, 45, 55, 55, 55, 55,
            65, 65, 65, 65, 65, 90, 90, 90, 90, 90, 90, 90, 90, 90, 100, 100, 100, 100, 100, 100, 100, 100,
            160, 160, 160, 160, 160, 160, 160, 160, 160, 160, 160]) # seed y points for elevation locations
y_pts.extend([115, 115, 115, 115, 115, 115, 130, 130, 130, 130, 130, 130, 145, 145, 145, 145, 145, 145, 155, 155, 155, 155,\
            165, 165, 165, 165, 165, 190, 190, 190, 190, 190, 190, 190, 190, 190, 200, 200, 200, 200, 200, 200, 200, 200,
            15, 15, 15, 15, 15, 15, 30, 30, 30, 30, 30, 30, 45, 45, 45, 45, 45, 45, 55, 55, 55, 55]) # seed y points for elevation locations


ADD_NOISE = True   # include additional noise?
SAMPLES = 199       # Number of additional random samples used to generate heat map and terrain profile

#######################################################################

        ##################      --> Type 1.
        self.classes = {"Firebrake" : [ [0, 0, 56]    , [-15, -15, 16], [15, 15, 96]  ,   0.3],
                        "Open Area" : [ [56, 106, 255], [41, 91, 215] , [71, 121, 295],   0.5],
                        "River"     : [ [84, 165, 255], [69, 150, 215], [99, 180, 295],  -1.0],
                        "Swamp"     : [ [10, 198, 240], [-5, 183, 200], [25, 213, 280],  -0.8],
                        "Forest"    : [ [66, 255, 118], [51, 240, 78] , [81, 270, 158],  -0.8],
                        "Orchard"   : [ [164, 81, 212], [149, 66, 172], [179, 96, 252],  -0.5],
                        "Slope"     : [ [            ], [            ], [            ],  -0.4],
                        }

        ##################      --> Type 2.
        self.classes = {"Firebrake" : [ [0, 0, 64], [-15, -15, 24], [15, 15, 104]  ,   0.3],
                        "Open Area" : [ [50, 89, 253], [35, 74, 213], [65, 104, 293],   0.5],
                        "River"     : [ [82, 98, 252], [67, 83, 212], [97, 113, 292],  -1.0],
                        "Swamp"     : [ [12, 177, 222], [-3, 162, 182], [27, 192, 262],  -0.8],
                        "Forest"    : [ [53, 187, 127], [38, 172, 87], [68, 202, 167],  -0.8],
                        "Orchard"   : [ [161, 58, 205], [146, 43, 165], [176, 73, 245],  -0.5],
                        "Slope"     : [ [            ], [            ], [            ],  -0.4],
                        }


Type 3, 256 nodes, x1 m2 squares:
# x_pts = [17, 22, 29, 37, 47, 51, 49, 45, 41, 35, 18, 12, 27, 7, 12, 6, 13, 16, 22, 26, 31, 37, 38, 38, 34, 32, 22, 17, 8, 5, 36, 28, 35, 40, 8, 14, 18, 22, 25, 27, 27, 28, 27, 26, 25, 20, 17, 15, 6, 12, 7, 14, 15, 17, 17, 18, 15, 11, 5, 4, 11, 15, 17, 20, 18, 8, 13, 13, 12, 8, 3, 3, 6, 6, 5, 4, 3, 3, 2, 3, 4, 9, 14, 20, 24, 30, 31, 31, 31, 36, 34, 18, 28, 33, 35, 38, 42, 46, 45, 44, 41, 84, 96, 108, 118, 127, 132, 135, 140, 149, 157, 170, 180, 189, 197, 206, 221, 232, 234, 219, 220, 221, 216, 210, 228, 222, 216, 208, 200, 195, 191, 185, 182, 179, 177, 171, 162, 158, 156, 151, 149, 147, 145, 143, 140, 138, 136, 135, 132, 130, 127, 122, 120, 112, 108, 102, 93, 87, 82, 84, 92, 98, 106, 111, 116, 120, 125, 126, 129, 133, 135, 139, 141, 143, 145, 155, 161, 169, 174, 180, 185, 190, 197, 201, 209, 218, 228, 227, 221, 220, 219, 214, 216, 217, 221, 219, 221, 213, 205, 215, 224, 230, 216, 206, 189]
# y_pts = [79, 85, 90, 97, 104, 111, 122, 135, 147, 157, 170, 174, 167, 72, 75, 79, 84, 87, 90, 95, 100, 106, 115, 120, 136, 141, 153, 156, 163, 165, 132, 148, 125, 110, 155, 151, 147, 141, 137, 130, 129, 124, 120, 116, 109, 104, 100, 97, 90, 93, 99, 105, 106, 112, 120, 127, 132, 136, 145, 147, 143, 142, 140, 132, 123, 107, 111, 120, 126, 133, 139, 130, 126, 119, 112, 107, 102, 101, 95, 93, 83, 85, 90, 97, 100, 108, 117, 122, 123, 115, 109, 165, 159, 154, 141, 135, 126, 116, 109, 108, 101, 99, 102, 104, 108, 115, 126, 141, 159, 174, 181, 181, 171, 158, 152, 148, 148, 156, 153, 122, 122, 131, 137, 134, 138, 154, 157, 151, 153, 155, 158, 163, 168, 173, 176, 178, 182, 181, 179, 173, 170, 168, 164, 158, 153, 149, 141, 138, 130, 126, 120, 115, 111, 107, 105, 104, 103, 102, 102, 104, 106, 107, 109, 111, 113, 119, 126, 127, 133, 140, 145, 150, 161, 168, 172, 180, 182, 181, 177, 165, 161, 156, 152, 148, 144, 145, 147, 142, 132, 130, 133, 138, 145, 151, 143, 136, 136, 144, 148, 137, 138, 133, 136, 141, 158]
# x_pts.extend(x_pts)
# y_pts.extend(y_pts)